[TexturePanels]
file = solar\asteroids\rock_shapes.ini

[Field]
cube_size = 2000
fill_dist = 1
diffuse_color = 255, 255, 255
ambient_color = 90, 90, 90
ambient_increase = 30, 30, 30


[properties]
flag = rock_objects
flag = Object_density_med

;[Cube]

[DynamicAsteroids]
asteroid = beryl_asteroid10
count = 100
placement_radius = 1500.000000
placement_offset = 0.000000
max_velocity = 0.600000 
max_angular_velocity = 0.150000 
color_shift = 1.000000, 1.000000, 1.000000
; 0.600000, 0.200000, -0.200000, 35, 10, 20

[DynamicAsteroids]
asteroid = beryl_asteroid60
count = 100
placement_radius = 1500.000000
placement_offset = 0.000000
max_velocity = 0.600000 
max_angular_velocity = 0.150000 
color_shift = 1.000000, 1.000000, 1.000000
; 0.200000, 0.800000, 0.300000, 45, 20, 0

[DynamicAsteroids]
asteroid = beryl_asteroid60
count = 100
placement_radius = 1500.000000
placement_offset = 0.000000
max_velocity = 0.600000 
max_angular_velocity = 0.150000 
color_shift = 1.000000, 1.000000, 1.000000
; 0.400000, -0.700000, -0.200000, 15, 90, 120

[DynamicAsteroids]
asteroid = beryl_asteroid30
count = 100
placement_radius = 1500.000000
placement_offset = 0.000000
max_velocity = 0.600000 
max_angular_velocity = 0.150000 
color_shift = 1.000000, 1.000000, 1.000000
; -0.300000, -0.300000, 0.800000, 85, 0, 185

[DynamicAsteroids]
asteroid = beryl_asteroid90
count = 100
placement_radius = 1500.000000
placement_offset = 0.000000
max_velocity = 0.600000 
max_angular_velocity = 0.150000 
color_shift = 1.000000, 1.000000, 1.000000
; -0.200000, -0.100000, -0.600000, 105, 160, 25

[DynamicAsteroids]
asteroid = beryl_asteroid60
count = 100
placement_radius = 1500.000000
placement_offset = 0.000000
max_velocity = 0.600000 
max_angular_velocity = 0.150000 
color_shift = 1.000000, 1.000000, 1.000000
; -0.700000, 0.600000, 0.400000, 120, 30, 10

[DynamicAsteroids]
asteroid = beryl_asteroid10
count = 100
placement_radius = 1500.000000
placement_offset = 0.000000
max_velocity = 0.600000 
max_angular_velocity = 0.150000 
color_shift = 1.000000, 1.000000, 1.000000
; 0.300000, 0.400000, 0.600000, 50, 30, 130

[AsteroidBillboards]
count = 400
start_dist = 1000
fade_dist_percent = 0.350000
shape = asteroid_beryl
color_shift = 0.800000, 0.800000, 0.800000
ambient_intensity = 1.000000
size = 30, 110

[DynamicAsteroids]
asteroid = DAsteroid_beryllium
count = 10
placement_radius = 150.000000
placement_offset = 90.000000
max_velocity = 15.000000
max_angular_velocity = 3.000000
color_shift = 1.000000, 1.000000, 1.000000

[LootableZone]
asteroid_loot_container = lootcrate_ast_loot_beryl
asteroid_loot_commodity = commodity_beryllium
dynamic_loot_container = lootcrate_ast_loot_beryl
dynamic_loot_commodity = commodity_beryllium
asteroid_loot_count = 0, 0
dynamic_loot_count = 1, 1
asteroid_loot_difficulty = 5; 50
dynamic_loot_difficulty = 2; 10

