[Field]
cube_size = 2000
fill_dist = 1
tint_field = 255, 255, 255


[properties]
flag = danger_density_low

;[Cube]

[DynamicAsteroids]
asteroid = toxic_waste_asteroid
count = 100
placement_radius = 1500.000000
placement_offset = 0.000000
max_velocity = 0.600000 
max_angular_velocity = 0.150000 
color_shift = 1.000000, 1.000000, 1.000000
; 0.600000, 0.200000, -0.200000, 35, 10, 20

[DynamicAsteroids]
asteroid = DAsteroid_toxic_waste
count = 30
placement_radius = 200.000000
placement_offset = 100.000000
max_velocity = 5.000000
max_angular_velocity = 0.500000
color_shift = 1, 1, 1

