[Field]
cube_size = 2000
fill_dist = 1
diffuse_color = 255, 200, 200
ambient_color = 40, 20, 0
ambient_increase = 60, 30, 10


[properties]
flag = rock_objects
flag = Object_density_med

[Exclusion Zones]
exclusion = Zone_Bw03_03_exclusion
exclude_dynamic_asteroids = 1
exclusion = Zone_Bw03_IMG_mining_area
exclude_dynamic_asteroids = 1
exclusion = Zone_Bw03_Kruger_mining_area
exclude_dynamic_asteroids = 1
exclusion = ZONE_Bw03_Large_asteroid_1
exclude_dynamic_asteroids = 1

;[Cube]

[DynamicAsteroids]
asteroid = nonmineable_asteroid60
count = 100
placement_radius = 1500.000000
placement_offset = 0.000000
max_velocity = 0.600000 
max_angular_velocity = 0.150000 
color_shift = 1.000000, 1.000000, 1.000000
; 0.200000, 0.800000, 0.300000, 45, 20, 0

[DynamicAsteroids]
asteroid = nonmineable_asteroid10
count = 100
placement_radius = 1500.000000
placement_offset = 0.000000
max_velocity = 0.600000 
max_angular_velocity = 0.150000 
color_shift = 1.000000, 1.000000, 1.000000
; 0.400000, -0.700000, -0.200000, 15, 90, 120

[DynamicAsteroids]
asteroid = nonmineable_asteroid30
count = 100
placement_radius = 1500.000000
placement_offset = 0.000000
max_velocity = 0.600000 
max_angular_velocity = 0.150000 
color_shift = 1.000000, 1.000000, 1.000000
; -0.300000, -0.300000, 0.800000, 85, 0, 185

[DynamicAsteroids]
asteroid = nonmineable_asteroid90
count = 100
placement_radius = 1500.000000
placement_offset = 0.000000
max_velocity = 0.600000 
max_angular_velocity = 0.150000 
color_shift = 1.000000, 1.000000, 1.000000
; -0.200000, -0.100000, -0.600000, 105, 160, 25

[DynamicAsteroids]
asteroid = nonmineable_asteroid60
count = 100
placement_radius = 1500.000000
placement_offset = 0.000000
max_velocity = 0.600000 
max_angular_velocity = 0.150000 
color_shift = 1.000000, 1.000000, 1.000000
; -0.700000, 0.400000, -0.400000, 75, 30, 70

[DynamicAsteroids]
asteroid = DAsteroid_mineable_small1
count = 20
placement_radius = 150.000000
placement_offset = 90.000000
max_velocity = 10.000000
max_angular_velocity = 2.000000
color_shift = 1, 1, 1

