[Field]
cube_size = 2000
fill_dist = 1
diffuse_color = 255, 200, 200
ambient_color = 40, 20, 0
ambient_increase = 60, 30, 10


[properties]
flag = rock_objects
flag = Object_density_med

;[Cube]

[DynamicAsteroids]
asteroid = mineable2_asteroid90
count = 100
placement_radius = 1500.000000
placement_offset = 0.000000
max_velocity = 0.600000 
max_angular_velocity = 0.150000 
color_shift = 1.000000, 1.000000, 1.000000
; 0.600000, 0.200000, -0.200000, 35, 10, 20

[DynamicAsteroids]
asteroid = mineable2_asteroid60
count = 100
placement_radius = 1500.000000
placement_offset = 0.000000
max_velocity = 0.600000 
max_angular_velocity = 0.150000 
color_shift = 1.000000, 1.000000, 1.000000
; 0.200000, 0.800000, 0.300000, 45, 20, 0

[DynamicAsteroids]
asteroid = mineable2_asteroid60
count = 100
placement_radius = 1500.000000
placement_offset = 0.000000
max_velocity = 0.600000 
max_angular_velocity = 0.150000 
color_shift = 1.000000, 1.000000, 1.000000
; 0.400000, -0.700000, -0.200000, 15, 90, 120

[DynamicAsteroids]
asteroid = mineable2_asteroid30
count = 100
placement_radius = 1500.000000
placement_offset = 0.000000
max_velocity = 0.600000 
max_angular_velocity = 0.150000 
color_shift = 1.000000, 1.000000, 1.000000
; -0.300000, -0.300000, 0.800000, 85, 0, 185

[DynamicAsteroids]
asteroid = mineable2_asteroid90
count = 100
placement_radius = 1500.000000
placement_offset = 0.000000
max_velocity = 0.600000 
max_angular_velocity = 0.150000 
color_shift = 1.000000, 1.000000, 1.000000
; -0.200000, -0.100000, -0.600000, 105, 160, 25

[DynamicAsteroids]
asteroid = mineable2_asteroid60
count = 100
placement_radius = 1500.000000
placement_offset = 0.000000
max_velocity = 0.600000 
max_angular_velocity = 0.150000 
color_shift = 1.000000, 1.000000, 1.000000
; -0.700000, 0.400000, -0.400000, 75, 30, 70

[DynamicAsteroids]
asteroid = DAsteroid_mineable_small1
count = 20
placement_radius = 150.000000
placement_offset = 90.000000
max_velocity = 10.000000
max_angular_velocity = 2.000000
color_shift = 1, 1, 1

[LootableZone]
zone = zone_bw03_daumann_copper_mining_area
asteroid_loot_container = lootcrate_ast_loot_copper
asteroid_loot_commodity = commodity_copper
dynamic_loot_container = lootcrate_ast_loot_copper
dynamic_loot_commodity = commodity_copper
asteroid_loot_count = 0, 0
dynamic_loot_count = 1, 1
asteroid_loot_difficulty = 5; 30
dynamic_loot_difficulty = 2; 2

[LootableZone]
zone = zone_bw03_daumann_cobalt_mining_area
asteroid_loot_container = lootcrate_ast_loot_cobalt
asteroid_loot_commodity = commodity_cobalt
dynamic_loot_container = lootcrate_ast_loot_cobalt
dynamic_loot_commodity = commodity_cobalt
asteroid_loot_count = 0, 0
dynamic_loot_count = 1, 1
asteroid_loot_difficulty = 5; 30
dynamic_loot_difficulty = 2; 4

