[TexturePanels]
file = solar\asteroids\ice_shapes.ini

[Field]
cube_size = 2000
fill_dist = 1
diffuse_color = 200, 255, 255
ambient_color = 80, 100, 120
ambient_increase = 30, 40, 60


[Exclusion Zones]
exclusion = Zone_Bw09_to_Bw10_hole
exclude_billboards = 1
exclude_dynamic_asteroids = 1
exclusion = Zone_Bw09_Tradelane_5
exclude_billboards = 1
exclude_dynamic_asteroids = 1
exclusion = ZONE_Bw09_vignette9_exclusion
exclude_dynamic_asteroids = 1

[properties]
flag = ice_objects
flag = Object_density_med

;[Cube]

[DynamicAsteroids]
asteroid = ice_asteroid90
count = 100
placement_radius = 1500.000000
placement_offset = 0.000000
max_velocity = 0.600000 
max_angular_velocity = 0.150000 
color_shift = 1.000000, 1.000000, 1.000000
; 0.600000, 0.400000, -0.700000, 35, 10, 20

[DynamicAsteroids]
asteroid = ice_asteroid30
count = 100
placement_radius = 1500.000000
placement_offset = 0.000000
max_velocity = 0.600000 
max_angular_velocity = 0.150000 
color_shift = 1.000000, 1.000000, 1.000000
; -0.500000, 0.800000, -0.300000, 45, 20, 0

[DynamicAsteroids]
asteroid = ice_asteroid60
count = 100
placement_radius = 1500.000000
placement_offset = 0.000000
max_velocity = 0.600000 
max_angular_velocity = 0.150000 
color_shift = 1.000000, 1.000000, 1.000000
; 0.400000, -0.700000, -0.200000, 15, 90, 120

[DynamicAsteroids]
asteroid = ice_asteroid30
count = 100
placement_radius = 1500.000000
placement_offset = 0.000000
max_velocity = 0.600000 
max_angular_velocity = 0.150000 
color_shift = 1.000000, 1.000000, 1.000000
; -0.900000, -0.300000, 0.400000, 85, 0, 185

[DynamicAsteroids]
asteroid = ice_asteroid90
count = 100
placement_radius = 1500.000000
placement_offset = 0.000000
max_velocity = 0.600000 
max_angular_velocity = 0.150000 
color_shift = 1.000000, 1.000000, 1.000000
; -0.400000, -0.500000, 0.600000, 105, 160, 25

[DynamicAsteroids]
asteroid = ice_asteroid60
count = 100
placement_radius = 1500.000000
placement_offset = 0.000000
max_velocity = 0.600000 
max_angular_velocity = 0.150000 
color_shift = 1.000000, 1.000000, 1.000000
; -0.700000, 0.400000, -0.400000, 75, 30, 70

[AsteroidBillboards]
count = 400
start_dist = 1000
fade_dist_percent = 0.350000
shape = asteroid_ice_4
color_shift = 0.800000, 0.800000, 0.800000
ambient_intensity = 1.000000
size = 60, 120

[Band]
render_parts = 1
shape = asteroid_icebelt_04
height = 3000
offset_dist = 2000
fade = 1.000000, 1.350000, 15, 17
texture_aspect = 1.000000
color_shift = 1, 1, 1
ambient_intensity = 1.000000
vert_increase = 2

[DynamicAsteroids]
asteroid = DAsteroid_ice_small1
count = 10
placement_radius = 150.000000
placement_offset = 90.000000
max_velocity = 15.000000
max_angular_velocity = 3.000000
color_shift = 1.000000, 1.000000, 1.000000

[LootableZone]
zone = zone_bw09_shinkaku_field_high_density
asteroid_loot_container = lootcrate_ast_loot_water
asteroid_loot_commodity = commodity_water
dynamic_loot_container = lootcrate_ast_loot_water
dynamic_loot_commodity = commodity_water
asteroid_loot_count = 0, 0
dynamic_loot_count = 1, 1
asteroid_loot_difficulty = 5; 70
dynamic_loot_difficulty = 2; 4

