[TexturePanels]
file = solar\asteroids\mine_shapes.ini

[Field]
cube_size = 2000
fill_dist = 1
diffuse_color = 110, 110, 100
ambient_color = 255, 255, 255
ambient_increase = 20, 20, 30

[properties]
flag = mine_danger_objects
flag = danger_density_high

[DynamicAsteroids]
asteroid = mine_spike1
count = 100
placement_radius = 1500.000000
placement_offset = 0.000000
max_velocity = 0.600000
max_angular_velocity = 0.150000
color_shift = 1.000000, 1.000000, 1.000000

[DynamicAsteroids]
asteroid = mine_spike1
count = 100
placement_radius = 1500.000000
placement_offset = 0.000000
max_velocity = 0.600000
max_angular_velocity = 0.150000
color_shift = 1.000000, 1.000000, 1.000000

[DynamicAsteroids]
asteroid = mine_spike1
count = 100
placement_radius = 1500.000000
placement_offset = 0.000000
max_velocity = 0.600000
max_angular_velocity = 0.150000
color_shift = 1.000000, 1.000000, 1.000000

[DynamicAsteroids]
asteroid = mine_spike1
count = 100
placement_radius = 1500.000000
placement_offset = 0.000000
max_velocity = 0.600000
max_angular_velocity = 0.150000
color_shift = 1.000000, 1.000000, 1.000000

[DynamicAsteroids]
asteroid = mine_spike1
count = 100
placement_radius = 1500.000000
placement_offset = 0.000000
max_velocity = 0.600000
max_angular_velocity = 0.150000
color_shift = 1.000000, 1.000000, 1.000000

[DynamicAsteroids]
asteroid = mine_spike1
count = 100
placement_radius = 1500.000000
placement_offset = 0.000000
max_velocity = 0.600000
max_angular_velocity = 0.150000
color_shift = 1.000000, 1.000000, 1.000000

[Band]
render_parts = 1
shape = asteroid_belt_mines
height = 7000
offset_dist = 6000
fade = 0.800000, 1.000000, 10, 11
texture_aspect = 0.750000
color_shift = 0.600000, 0.600000, 0.700000
vert_increase = 1

[AsteroidBillboards]
count = 600
start_dist = 900
fade_dist_percent = 0.500000
shape = spike_mine_tri
size = 200, 200

[FlExplorer]
template = solar\asteroids\li01_zone21_mine_field.ini
