[Field]
cube_size = 2000
fill_dist = 1
diffuse_color = 200, 230, 255
ambient_color = 40, 80, 120
ambient_increase = 0, 0, 0


[Exclusion Zones]
exclusion = Zone_Ew04_to_Hi02_hole
exclude_dynamic_asteroids = 1

[properties]
flag = nomad_objects
flag = Object_density_med

;[Cube]
xaxis_rotation = 0, 0, 0, 0
yaxis_rotation = 0, 181, 0, 176
zaxis_rotation = 0, 0, 0, 0

[DynamicAsteroids]
asteroid = nomad02_asteroid90
count = 100
placement_radius = 1500.000000
placement_offset = 0.000000
max_velocity = 0.600000 
max_angular_velocity = 0.150000 
color_shift = 1.000000, 1.000000, 1.000000
; 0.600000, 0.200000, -0.200000, 1, 2, 5

[DynamicAsteroids]
asteroid = nomad02_asteroid60
count = 100
placement_radius = 1500.000000
placement_offset = 0.000000
max_velocity = 0.600000 
max_angular_velocity = 0.150000 
color_shift = 1.000000, 1.000000, 1.000000
; 0.200000, 0.800000, 0.300000, -5, -5, 3

[DynamicAsteroids]
asteroid = nomad02_asteroid200
count = 100
placement_radius = 1500.000000
placement_offset = 0.000000
max_velocity = 0.600000 
max_angular_velocity = 0.150000 
color_shift = 1.000000, 1.000000, 1.000000
; 0.400000, -0.700000, -0.200000, 2, 5, -4

[DynamicAsteroids]
asteroid = nomad02_asteroid30
count = 100
placement_radius = 1500.000000
placement_offset = 0.000000
max_velocity = 0.600000 
max_angular_velocity = 0.150000 
color_shift = 1.000000, 1.000000, 1.000000
; -0.300000, -0.300000, 0.800000, 7, -5, -8

[DynamicAsteroids]
asteroid = nomad02_asteroid90
count = 100
placement_radius = 1500.000000
placement_offset = 0.000000
max_velocity = 0.600000 
max_angular_velocity = 0.150000 
color_shift = 1.000000, 1.000000, 1.000000
; -0.200000, -0.100000, -0.600000, 0, 5, 5

[DynamicAsteroids]
asteroid = nomad02_asteroid30
count = 100
placement_radius = 1500.000000
placement_offset = 0.000000
max_velocity = 0.600000 
max_angular_velocity = 0.150000 
color_shift = 1.000000, 1.000000, 1.000000
; -0.600000, -0.800000, 0.700000, 1, 2, 5

[DynamicAsteroids]
asteroid = nomad02_asteroid10
count = 100
placement_radius = 1500.000000
placement_offset = 0.000000
max_velocity = 0.600000 
max_angular_velocity = 0.150000 
color_shift = 1.000000, 1.000000, 1.000000
; 0.800000, 0.500000, 0.500000, 0, 2, 5

[DynamicAsteroids]
asteroid = DAsteroid_nomad_small2
count = 20
placement_radius = 150.000000
placement_offset = 90.000000
max_velocity = 10.000000
max_angular_velocity = 2.000000
color_shift = 1, 1, 1

[LootableZone]
asteroid_loot_container = lootcrate_ast_loot_artifacts
asteroid_loot_commodity = commodity_alien_artifacts
dynamic_loot_container = lootcrate_ast_loot_artifacts
dynamic_loot_commodity = commodity_alien_artifacts
asteroid_loot_count = 0, 0
dynamic_loot_count = 1, 1
asteroid_loot_difficulty = 5; 80
dynamic_loot_difficulty = 2; 20

