[TexturePanels]
file = solar\asteroids\rock_shapes.ini

[Field]
cube_size = 2000
fill_dist = 1
diffuse_color = 90, 90, 90
ambient_color = 40, 40, 40
ambient_increase = 30, 30, 30


[properties]
flag = rock_objects
flag = Object_density_med

[Exclusion Zones]
exclusion = Zone_Ew04_to_Ew03_hole
exclude_billboards = 1
exclude_dynamic_asteroids = 1

;[Cube]

[DynamicAsteroids]
asteroid = planet_frag_asteroid10
count = 100
placement_radius = 1500.000000
placement_offset = 0.000000
max_velocity = 0.600000 
max_angular_velocity = 0.150000 
color_shift = 1.000000, 1.000000, 1.000000
; 0.600000, 0.200000, -0.200000, 35, 10, 20

[DynamicAsteroids]
asteroid = planet_frag_asteroid60
count = 100
placement_radius = 1500.000000
placement_offset = 0.000000
max_velocity = 0.600000 
max_angular_velocity = 0.150000 
color_shift = 1.000000, 1.000000, 1.000000
; 0.200000, 0.800000, 0.300000, 45, 20, 0

[DynamicAsteroids]
asteroid = planet_frag_asteroid60
count = 100
placement_radius = 1500.000000
placement_offset = 0.000000
max_velocity = 0.600000 
max_angular_velocity = 0.150000 
color_shift = 1.000000, 1.000000, 1.000000
; 0.400000, -0.700000, -0.200000, 15, 90, 120

[DynamicAsteroids]
asteroid = planet_frag_asteroid30
count = 100
placement_radius = 1500.000000
placement_offset = 0.000000
max_velocity = 0.600000 
max_angular_velocity = 0.150000 
color_shift = 1.000000, 1.000000, 1.000000
; -0.200000, -0.100000, -0.600000, 105, 160, 25

[DynamicAsteroids]
asteroid = planet_frag_asteroid30
count = 100
placement_radius = 1500.000000
placement_offset = 0.000000
max_velocity = 0.600000 
max_angular_velocity = 0.150000 
color_shift = 1.000000, 1.000000, 1.000000
; 0.500000, -0.200000, -0.600000, 75, 30, 70

[DynamicAsteroids]
asteroid = planet_frag_asteroid10
count = 100
placement_radius = 1500.000000
placement_offset = 0.000000
max_velocity = 0.600000 
max_angular_velocity = 0.150000 
color_shift = 1.000000, 1.000000, 1.000000
; -0.700000, 0.400000, -0.400000, 75, 30, 70

[AsteroidBillboards]
count = 400
start_dist = 1200
fade_dist_percent = 0.500000
shape = asteroid_planet_frag
color_shift = 1, 1, 1
ambient_intensity = 1
size = 40, 100

[DynamicAsteroids]
asteroid = DAsteroid_planet_frag_small1
count = 10
placement_radius = 150.000000
placement_offset = 90.000000
max_velocity = 10.000000
max_angular_velocity = 2.000000
color_shift = 1, 1, 1

[Band]
render_parts = 1
shape = asteroid_belt_dust
height = 1500
offset_dist = 500
fade = 0.800000, 1.250000, 15, 17
texture_aspect = 1.000000
color_shift = 1, 1, 1
ambient_intensity = 0.400000
vert_increase = 2

