[TexturePanels]
file = solar\asteroids\rock_shapes.ini

[Field]
cube_size = 2000
fill_dist = 1
diffuse_color = 255, 255, 255
ambient_color = 255, 200, 150
ambient_increase = 50, 40, 30


[properties]
flag = lava_objects
flag = Object_density_med

[Exclusion Zones]
exclusion = Zone_Hi02_to_Ew03_hole
exclude_billboards = 1
exclude_dynamic_asteroids = 1

;[Cube]

[DynamicAsteroids]
asteroid = lava01_asteroid90
count = 100
placement_radius = 1500.000000
placement_offset = 0.000000
max_velocity = 0.600000 
max_angular_velocity = 0.150000 
color_shift = 1.000000, 1.000000, 1.000000
; 0.600000, 0.200000, -0.200000, 35, 10, 20

[DynamicAsteroids]
asteroid = lava01_asteroid60
count = 100
placement_radius = 1500.000000
placement_offset = 0.000000
max_velocity = 0.600000 
max_angular_velocity = 0.150000 
color_shift = 1.000000, 1.000000, 1.000000
; 0.200000, 0.800000, 0.300000, 45, 20, 0

[DynamicAsteroids]
asteroid = lava01_asteroid60
count = 100
placement_radius = 1500.000000
placement_offset = 0.000000
max_velocity = 0.600000 
max_angular_velocity = 0.150000 
color_shift = 1.000000, 1.000000, 1.000000
; 0.400000, -0.700000, -0.200000, 15, 90, 120

[DynamicAsteroids]
asteroid = lava01_asteroid30
count = 100
placement_radius = 1500.000000
placement_offset = 0.000000
max_velocity = 0.600000 
max_angular_velocity = 0.150000 
color_shift = 1.000000, 1.000000, 1.000000
; -0.300000, -0.300000, 0.800000, 85, 0, 185

[DynamicAsteroids]
asteroid = lava01_asteroid90
count = 100
placement_radius = 1500.000000
placement_offset = 0.000000
max_velocity = 0.600000 
max_angular_velocity = 0.150000 
color_shift = 1.000000, 1.000000, 1.000000
; -0.200000, -0.100000, -0.600000, 105, 160, 25

[DynamicAsteroids]
asteroid = lava01_asteroid60
count = 100
placement_radius = 1500.000000
placement_offset = 0.000000
max_velocity = 0.600000 
max_angular_velocity = 0.150000 
color_shift = 1.000000, 1.000000, 1.000000
; -0.700000, 0.400000, -0.400000, 75, 30, 70

[DynamicAsteroids]
asteroid = DAsteroid_lava01
count = 10
placement_radius = 150.000000
placement_offset = 90.000000
max_velocity = 10.000000
max_angular_velocity = 2.000000
color_shift = 1, 1, 1

