[TexturePanels]
file = solar\asteroids\debris_shapes.ini

[Field]
cube_size = 2000
fill_dist = 1
diffuse_color = 100, 100, 80
ambient_color = 255, 255, 255
ambient_increase = 20, 20, 30


[properties]
flag = debris_objects
flag = object_density_medium

[Exclusion Zones]
exclusion = Zone_Li01_to_Li03_hole_exclusion
exclude_billboards = 1
exclude_dynamic_asteroids = 1
exclusion = Zone_Li01_13_exclusion
exclude_billboards = 1
exclude_dynamic_asteroids = 1
exclusion = ZONE_Li01_vignette4_exclusion
exclude_dynamic_asteroids = 1
exclusion = ZONE_Li01_vignette50_exclusion
exclude_dynamic_asteroids = 1
exclusion = ZONE_Li01_vignette57_exclusion
exclude_dynamic_asteroids = 1

;[Cube]

[DynamicAsteroids]
asteroid = debris_med1
count = 100
placement_radius = 1500.000000
placement_offset = 0.000000
max_velocity = 0.600000 
max_angular_velocity = 0.150000 
color_shift = 1.000000, 1.000000, 1.000000
; -0.700000, 0.300000, 0.200000, 0, 20, 190

[DynamicAsteroids]
asteroid = debris_large1
count = 100
placement_radius = 1500.000000
placement_offset = 0.000000
max_velocity = 0.600000 
max_angular_velocity = 0.150000 
color_shift = 1.000000, 1.000000, 1.000000
; 0.200000, 0.800000, 0.300000, 45, 20, 0

[DynamicAsteroids]
asteroid = debris_small1
count = 100
placement_radius = 1500.000000
placement_offset = 0.000000
max_velocity = 0.600000 
max_angular_velocity = 0.150000 
color_shift = 1.000000, 1.000000, 1.000000
; 0.400000, -0.700000, -0.200000, 15, 90, 120

[DynamicAsteroids]
asteroid = debris_med2
count = 100
placement_radius = 1500.000000
placement_offset = 0.000000
max_velocity = 0.600000 
max_angular_velocity = 0.150000 
color_shift = 1.000000, 1.000000, 1.000000
; -0.300000, -0.300000, 0.800000, 85, 0, 185

[DynamicAsteroids]
asteroid = debris_small2
count = 100
placement_radius = 1500.000000
placement_offset = 0.000000
max_velocity = 0.600000 
max_angular_velocity = 0.150000 
color_shift = 1.000000, 1.000000, 1.000000
; 0.000000, -0.900000, -0.800000, 35, 110, 60

[Band]
render_parts = 1
shape = debris_belt_04
height = 6000
offset_dist = 2500
fade = 1.100000, 1.450000, 10, 11
texture_aspect = 1.000000
color_shift = 1, 1, 1
ambient_intensity = 1.000000
vert_increase = 2

[AsteroidBillboards]
count = 250
start_dist = 1000
fade_dist_percent = 0.400000
shape = debris_tri
color_shift = 1, 1, 1
ambient_intensity = 1.000000
size = 60, 150

[DynamicAsteroids]
asteroid = dasteroid_debris_small1
count = 7
placement_radius = 150.000000
placement_offset = 90.000000
max_velocity = 10.000000
max_angular_velocity = 5.000000
color_shift = 0.900000, 0.900000, 1.000000

[LootableZone]
asteroid_loot_container = lootcrate_ast_loot_metal
asteroid_loot_commodity = commodity_scrap_metal
dynamic_loot_container = lootcrate_ast_loot_metal
dynamic_loot_commodity = commodity_scrap_metal
asteroid_loot_count = 0, 0
dynamic_loot_count = 1, 1
asteroid_loot_difficulty = 5; 80
dynamic_loot_difficulty = 2; 4

