[TexturePanels]
file = solar\asteroids\debris_shapes.ini

[Field]
cube_size = 2000
fill_dist = 1
tint_field = 120, 120, 120

[properties]
flag = debris_objects
flag = object_density_high

;[Cube]

[DynamicAsteroids]
asteroid = debris_med1
count = 100
placement_radius = 1500.000000
placement_offset = 0.000000
max_velocity = 0.600000 
max_angular_velocity = 0.150000 
color_shift = 1.000000, 1.000000, 1.000000
; 0.700000, 0.200000, -0.200000, 35, 10, 20

[DynamicAsteroids]
asteroid = debris_large1
count = 100
placement_radius = 1500.000000
placement_offset = 0.000000
max_velocity = 0.600000 
max_angular_velocity = 0.150000 
color_shift = 1.000000, 1.000000, 1.000000
; 0.200000, 0.800000, 0.300000, 45, 20, 0

[DynamicAsteroids]
asteroid = debris_med2
count = 100
placement_radius = 1500.000000
placement_offset = 0.000000
max_velocity = 0.600000 
max_angular_velocity = 0.150000 
color_shift = 1.000000, 1.000000, 1.000000
; -0.300000, -0.300000, 0.800000, 85, 0, 185

[DynamicAsteroids]
asteroid = debris_large3
count = 100
placement_radius = 1500.000000
placement_offset = 0.000000
max_velocity = 0.600000 
max_angular_velocity = 0.150000 
color_shift = 1.000000, 1.000000, 1.000000
; -0.200000, -0.100000, -0.600000, 105, 160, 25

[DynamicAsteroids]
asteroid = debris_small2
count = 100
placement_radius = 1500.000000
placement_offset = 0.000000
max_velocity = 0.600000 
max_angular_velocity = 0.150000 
color_shift = 1.000000, 1.000000, 1.000000
; 0.000000, -0.700000, -0.800000, 35, 110, 60

[AsteroidBillboards]
count = 200
start_dist = 700
fade_dist_percent = 0.700000
shape = debris_tri
color_shift = 1.100000, 1.100000, 1.100000
size = 120, 160

