[Field]
cube_size = 2000
fill_dist = 1
diffuse_color = 100, 100, 100
ambient_color = 30, 30, 30
ambient_increase = 30, 30, 30


[properties]
flag = debris_objects
flag = Object_density_med

;[Cube]

[DynamicAsteroids]
asteroid = debris_large3
count = 100
placement_radius = 1500.000000
placement_offset = 0.000000
max_velocity = 0.600000 
max_angular_velocity = 0.150000 
color_shift = 1.000000, 1.000000, 1.000000
; 0.600000, 0.200000, -0.200000, 35, 10, 20

[DynamicAsteroids]
asteroid = debris_med1
count = 100
placement_radius = 1500.000000
placement_offset = 0.000000
max_velocity = 0.600000 
max_angular_velocity = 0.150000 
color_shift = 1.000000, 1.000000, 1.000000
; -0.700000, 0.300000, 0.200000, 0, 20, 190

[DynamicAsteroids]
asteroid = debris_med2
count = 100
placement_radius = 1500.000000
placement_offset = 0.000000
max_velocity = 0.600000 
max_angular_velocity = 0.150000 
color_shift = 1.000000, 1.000000, 1.000000
; 0.400000, -0.800000, -0.200000, 15, 90, 120

[DynamicAsteroids]
asteroid = debris_large1
count = 100
placement_radius = 1500.000000
placement_offset = 0.000000
max_velocity = 0.600000 
max_angular_velocity = 0.150000 
color_shift = 1.000000, 1.000000, 1.000000
; -0.200000, -0.100000, -0.600000, 105, 160, 25

[DynamicAsteroids]
asteroid = debris_large2
count = 100
placement_radius = 1500.000000
placement_offset = 0.000000
max_velocity = 0.600000 
max_angular_velocity = 0.150000 
color_shift = 1.000000, 1.000000, 1.000000
; 0.200000, 0.100000, 0.600000, 45, 160, 0

[DynamicAsteroids]
asteroid = debris_small2
count = 100
placement_radius = 1500.000000
placement_offset = 0.000000
max_velocity = 0.600000 
max_angular_velocity = 0.150000 
color_shift = 1.000000, 1.000000, 1.000000
; 0.000000, -0.800000, -0.800000, 35, 110, 60

[DynamicAsteroids]
asteroid = dasteroid_debris_small1
count = 30
placement_radius = 150.000000
placement_offset = 90.000000
max_velocity = 25.000000
max_angular_velocity = 3.000000
color_shift = 1.000000, 1.000000, 1.000000

[LootableZone]
asteroid_loot_container = lootcrate_ast_loot_metal
asteroid_loot_commodity = commodity_scrap_metal
dynamic_loot_container = lootcrate_ast_loot_metal
dynamic_loot_commodity = commodity_scrap_metal
asteroid_loot_count = 0, 0
dynamic_loot_count = 1, 1
asteroid_loot_difficulty = 5; 10
dynamic_loot_difficulty = 2; 1

